0	0.002654	0.001596	0.000930
1	0.001564	0.000565	0.000410
2	0.002836	0.000574	0.000274
3	0.004085	0.000470	0.000474
4	0.005303	0.000574	0.000419
5	0.006306	0.000451	0.000392
6	0.007915	0.000378	0.000388
7	0.007747	0.000442	0.000461
8	0.008088	0.000342	0.000415
9	0.006994	0.000333	0.000342
10	0.006579	0.000342	0.000292
11	0.005015	0.000347	0.000337
12	0.004774	0.000342	0.000287
13	0.003926	0.000205	0.000223
14	0.004427	0.000242	0.000233
15	0.004587	0.000264	0.000237
16	0.005531	0.000251	0.000146
17	0.005923	0.000255	0.000141
18	0.005900	0.000210	0.000141
19	0.006333	0.000182	0.000137
20	0.005403	0.000169	0.000114
21	0.005216	0.000242	0.000150
22	0.005508	0.000228	0.000091
23	0.005891	0.000191	0.000155
24	0.006192	0.000173	0.000160
25	0.006278	0.000160	0.000173
26	0.006698	0.000210	0.000169
27	0.007158	0.000502	0.000141
28	0.008886	0.000616	0.000105
29	0.008558	0.000611	0.000114
30	0.008326	0.001012	0.000114
31	0.009019	0.001345	0.000119
32	0.008791	0.002357	0.000087
33	0.008854	0.002567	0.000114
34	0.009051	0.003187	0.000105
35	0.009689	0.003351	0.000096
36	0.009351	0.003575	0.000082
37	0.009183	0.005207	0.000091
38	0.008845	0.006962	0.000100
39	0.009338	0.007304	0.000137
40	0.009488	0.007879	0.000128
41	0.008905	0.007747	0.000155
42	0.009434	0.006547	0.000164
43	0.009598	0.004655	0.000119
44	0.009662	0.003502	0.000105
45	0.009589	0.003379	0.000141
46	0.009392	0.002768	0.000128
47	0.009383	0.002795	0.000123
48	0.009005	0.002749	0.000137
49	0.008627	0.002831	0.000128
50	0.008645	0.002927	0.000182
51	0.008572	0.003743	0.000141
52	0.008891	0.003821	0.000132
53	0.008467	0.003702	0.000114
54	0.007988	0.003356	0.000132
55	0.008011	0.003201	0.000109
56	0.007883	0.003274	0.000132
57	0.007660	0.003648	0.000164
58	0.006771	0.003921	0.000164
59	0.006288	0.004012	0.000137
60	0.006675	0.004432	0.000201
61	0.006424	0.005079	0.000365
62	0.006037	0.005380	0.000479
63	0.005736	0.007095	0.000369
64	0.005553	0.008513	0.000365
65	0.005480	0.007126	0.000365
66	0.005029	0.006889	0.000451
67	0.004970	0.007063	0.000816
68	0.004628	0.007286	0.001085
69	0.004678	0.008002	0.001368
70	0.004970	0.008262	0.001541
71	0.004774	0.008449	0.001842
72	0.004911	0.008886	0.001929
73	0.004573	0.009237	0.002120
74	0.004842	0.008604	0.002261
75	0.004810	0.009429	0.002453
76	0.004760	0.010300	0.002549
77	0.005056	0.010934	0.002877
78	0.004874	0.010751	0.003379
79	0.004810	0.010204	0.004673
80	0.004605	0.011079	0.006128
81	0.004774	0.011225	0.006999
82	0.004993	0.010952	0.006424
83	0.005207	0.008968	0.006689
84	0.004924	0.009470	0.005622
85	0.004924	0.010190	0.004669
86	0.004464	0.009511	0.003648
87	0.004774	0.009092	0.002968
88	0.004860	0.008627	0.002626
89	0.005243	0.008631	0.002622
90	0.005462	0.008544	0.002366
91	0.004974	0.008412	0.002517
92	0.005148	0.008330	0.002544
93	0.005480	0.008075	0.002772
94	0.005143	0.007637	0.003064
95	0.004961	0.006935	0.002968
96	0.004974	0.006520	0.002813
97	0.004810	0.005800	0.002900
98	0.004445	0.006342	0.003173
99	0.004491	0.005914	0.003219
100	0.004623	0.005795	0.003091
101	0.004692	0.005827	0.003319
102	0.004578	0.005768	0.003483
103	0.004514	0.006593	0.004031
104	0.004637	0.006415	0.004842
105	0.004637	0.006857	0.005553
106	0.004523	0.006620	0.006073
107	0.004719	0.006721	0.007190
108	0.004696	0.006584	0.008499
109	0.004619	0.006201	0.008649
110	0.004464	0.006224	0.007683
111	0.004336	0.006611	0.007464
112	0.004528	0.006379	0.007683
113	0.003976	0.006506	0.008221
114	0.004313	0.006265	0.007651
115	0.004313	0.006278	0.008116
116	0.004231	0.005987	0.009242
117	0.004017	0.006283	0.008380
118	0.003675	0.006114	0.008859
119	0.003803	0.006105	0.008540
120	0.003784	0.005854	0.008636
121	0.003748	0.006474	0.009479
122	0.003698	0.006310	0.009374
123	0.003866	0.005736	0.009867
124	0.003798	0.005964	0.009712
125	0.003816	0.005909	0.010377
126	0.003597	0.006046	0.010222
127	0.003684	0.006096	0.008905
128	0.003515	0.006288	0.008426
129	0.004026	0.005786	0.007861
130	0.003620	0.005604	0.007979
131	0.003698	0.005558	0.007400
132	0.003670	0.005777	0.007063
133	0.003543	0.005298	0.007332
134	0.003452	0.005189	0.007213
135	0.003392	0.005230	0.007090
136	0.002891	0.004774	0.007090
137	0.003009	0.005161	0.007008
138	0.003351	0.005043	0.006552
139	0.002676	0.004938	0.006032
140	0.002768	0.004933	0.006383
141	0.002781	0.004582	0.006333
142	0.002426	0.004870	0.006602
143	0.002599	0.004851	0.006584
144	0.002435	0.004892	0.006087
145	0.002426	0.004865	0.006342
146	0.002371	0.004879	0.005818
147	0.002307	0.004733	0.005366
148	0.002339	0.004619	0.005330
149	0.002230	0.004468	0.005134
150	0.002353	0.004026	0.005120
151	0.002344	0.004145	0.004892
152	0.002143	0.004108	0.004760
153	0.002088	0.003939	0.004833
154	0.001933	0.003789	0.004769
155	0.001851	0.003917	0.005202
156	0.002061	0.004218	0.005262
157	0.002084	0.004277	0.005180
158	0.001915	0.004017	0.005512
159	0.002148	0.004021	0.005635
160	0.002371	0.003880	0.006383
161	0.002439	0.003958	0.006629
162	0.002403	0.003903	0.007031
163	0.002489	0.004131	0.007769
164	0.002271	0.003967	0.008020
165	0.002512	0.003825	0.007956
166	0.002207	0.003666	0.008093
167	0.002202	0.003648	0.008002
168	0.002421	0.003374	0.008640
169	0.002421	0.003702	0.009082
170	0.002353	0.004222	0.009648
171	0.002544	0.003889	0.009839
172	0.002485	0.003866	0.010104
173	0.002695	0.004044	0.010437
174	0.002467	0.003634	0.010026
175	0.002781	0.003670	0.009903
176	0.002886	0.003584	0.009675
177	0.002777	0.003547	0.009169
178	0.002872	0.003483	0.008759
179	0.002886	0.003315	0.008143
180	0.002581	0.003648	0.007528
181	0.002991	0.004040	0.006912
182	0.002918	0.004081	0.006835
183	0.003050	0.003807	0.007012
184	0.003319	0.003310	0.006748
185	0.003151	0.003442	0.006908
186	0.003461	0.003324	0.006857
187	0.003183	0.003155	0.006967
188	0.003146	0.003328	0.006830
189	0.003474	0.003493	0.007040
190	0.003287	0.003342	0.006739
191	0.003392	0.003397	0.006971
192	0.003506	0.003265	0.006629
193	0.003351	0.003442	0.006338
194	0.003520	0.003265	0.006702
195	0.003242	0.003333	0.006493
196	0.003328	0.003529	0.005822
197	0.003041	0.003552	0.006360
198	0.003301	0.003515	0.006666
199	0.002841	0.003255	0.006132
200	0.002996	0.003347	0.005809
201	0.002822	0.003301	0.005512
202	0.002667	0.003502	0.005193
203	0.002526	0.003233	0.005439
204	0.002225	0.003151	0.005202
205	0.002024	0.002968	0.005221
206	0.002029	0.002836	0.005170
207	0.002125	0.002818	0.005439
208	0.001787	0.002754	0.005923
209	0.001847	0.002845	0.005987
210	0.001778	0.002772	0.006712
211	0.001555	0.002768	0.006461
212	0.001450	0.002535	0.006424
213	0.001331	0.002243	0.005818
214	0.001245	0.002047	0.005143
215	0.001076	0.002157	0.005184
216	0.001076	0.001833	0.005412
217	0.000916	0.001714	0.005134
218	0.000679	0.001678	0.005604
219	0.000584	0.001340	0.005211
220	0.000616	0.001226	0.004623
221	0.000492	0.001245	0.004263
222	0.000565	0.001208	0.004140
223	0.000479	0.000944	0.003821
224	0.000502	0.000812	0.003570
225	0.000474	0.000766	0.002854
226	0.000447	0.000652	0.002357
227	0.000388	0.000679	0.001765
228	0.000347	0.000515	0.001500
229	0.000287	0.000451	0.001564
230	0.000205	0.000410	0.001281
231	0.000228	0.000365	0.001122
232	0.000251	0.000342	0.001117
233	0.000219	0.000410	0.001103
234	0.000191	0.000552	0.000939
235	0.000269	0.000470	0.001053
236	0.000310	0.000479	0.000825
237	0.000274	0.000397	0.000798
238	0.000246	0.000410	0.000839
239	0.000233	0.000356	0.000825
240	0.000219	0.000274	0.000862
241	0.000187	0.000169	0.000793
242	0.000137	0.000251	0.000720
243	0.000123	0.000260	0.000734
244	0.000123	0.000219	0.000688
245	0.000119	0.000237	0.000556
246	0.000123	0.000105	0.000593
247	0.000096	0.000105	0.000524
248	0.000187	0.000064	0.000356
249	0.000128	0.000087	0.000419
250	0.000096	0.000078	0.000319
251	0.000128	0.000064	0.000351
252	0.000091	0.000082	0.000315
253	0.000114	0.000109	0.000242
254	0.000059	0.000123	0.000342
255	0.000191	0.000132	0.000643
