0	0.001383	0.000042	0.000150
1	0.001437	0.000006	0.000000
2	0.002189	0.000144	0.000054
3	0.003559	0.000547	0.000000
4	0.007041	0.001190	0.001239
5	0.009392	0.001347	0.000024
6	0.009175	0.000397	0.000192
7	0.008838	0.000096	0.000018
8	0.006373	0.000030	0.000697
9	0.005952	0.000000	0.000036
10	0.003620	0.000006	0.000198
11	0.003806	0.000012	0.000024
12	0.004563	0.000012	0.000553
13	0.003487	0.000054	0.000030
14	0.004070	0.000066	0.000210
15	0.005297	0.000241	0.000006
16	0.004341	0.000589	0.000144
17	0.006313	0.001160	0.000499
18	0.003427	0.001239	0.000114
19	0.003932	0.000222	0.000132
20	0.004600	0.000078	0.000150
21	0.003884	0.000042	0.000697
22	0.004089	0.000066	0.000102
23	0.003127	0.000216	0.000313
24	0.007810	0.000343	0.000096
25	0.005093	0.000842	0.000535
26	0.008478	0.002597	0.000192
27	0.005177	0.002880	0.000301
28	0.009103	0.001774	0.000036
29	0.005051	0.001455	0.000216
30	0.010504	0.002495	0.000367
31	0.005243	0.002363	0.000325
32	0.010179	0.003102	0.000174
33	0.005297	0.003848	0.000247
34	0.011736	0.005369	0.000277
35	0.004389	0.006121	0.000385
36	0.011388	0.006554	0.000265
37	0.005273	0.005838	0.000271
38	0.007047	0.006157	0.000210
39	0.011797	0.006433	0.000241
40	0.008033	0.004942	0.000216
41	0.013763	0.003259	0.000331
42	0.011833	0.004738	0.000228
43	0.009993	0.001293	0.000283
44	0.011069	0.003253	0.000343
45	0.009987	0.004624	0.000373
46	0.011460	0.001503	0.000307
47	0.007582	0.003638	0.000355
48	0.012001	0.004912	0.000283
49	0.005465	0.004642	0.000198
50	0.012097	0.005291	0.000301
51	0.006049	0.001407	0.000150
52	0.007221	0.004058	0.000313
53	0.010089	0.005826	0.000144
54	0.006097	0.001269	0.000355
55	0.009806	0.001347	0.000102
56	0.006235	0.004720	0.000241
57	0.006253	0.007173	0.000222
58	0.009806	0.006169	0.000210
59	0.006638	0.007678	0.000186
60	0.007462	0.006277	0.000403
61	0.006530	0.007810	0.000168
62	0.006433	0.007347	0.000373
63	0.005586	0.008381	0.000265
64	0.007498	0.007041	0.000265
65	0.006127	0.008622	0.000385
66	0.005171	0.007600	0.000391
67	0.006914	0.008736	0.000192
68	0.006668	0.008105	0.000541
69	0.004431	0.009151	0.000319
70	0.007576	0.002952	0.000319
71	0.004936	0.008087	0.000589
72	0.007041	0.009885	0.000132
73	0.005754	0.009524	0.000601
74	0.004768	0.016210	0.000144
75	0.007720	0.011165	0.001052
76	0.005297	0.008099	0.000517
77	0.007443	0.011015	0.001732
78	0.004810	0.007395	0.000631
79	0.007383	0.011460	0.002050
80	0.004924	0.006716	0.000980
81	0.007239	0.012554	0.001798
82	0.005008	0.006211	0.001094
83	0.006331	0.012494	0.001587
84	0.006572	0.003054	0.001221
85	0.006049	0.006518	0.001551
86	0.007107	0.010504	0.001269
87	0.005321	0.006085	0.001912
88	0.006000	0.011785	0.001209
89	0.005081	0.003517	0.001822
90	0.006572	0.005171	0.001720
91	0.004353	0.009392	0.002074
92	0.006019	0.005838	0.002291
93	0.004570	0.011346	0.003247
94	0.004822	0.003409	0.002261
95	0.004666	0.005261	0.003169
96	0.003547	0.008093	0.002664
97	0.004293	0.003559	0.004107
98	0.004125	0.005099	0.003000
99	0.002886	0.007822	0.004467
100	0.003632	0.003824	0.003499
101	0.002988	0.005688	0.005087
102	0.002922	0.007449	0.003181
103	0.003024	0.004119	0.004792
104	0.002844	0.006031	0.003505
105	0.002381	0.007353	0.004335
106	0.002700	0.004173	0.002543
107	0.002279	0.005628	0.004467
108	0.002381	0.007492	0.002850
109	0.002585	0.004930	0.003806
110	0.002291	0.010317	0.003632
111	0.002525	0.004137	0.003120
112	0.002279	0.005255	0.002682
113	0.002585	0.006926	0.003343
114	0.002615	0.004642	0.004305
115	0.002844	0.009127	0.004022
116	0.002315	0.004347	0.002772
117	0.002976	0.008484	0.003541
118	0.003000	0.004401	0.004918
119	0.002940	0.007167	0.003902
120	0.003127	0.004570	0.003698
121	0.002904	0.006626	0.003373
122	0.003133	0.004377	0.005640
123	0.003145	0.006830	0.003343
124	0.003114	0.004822	0.005556
125	0.003475	0.006638	0.001299
126	0.003716	0.006800	0.009806
127	0.003175	0.004822	0.001245
128	0.003481	0.005964	0.008183
129	0.003505	0.004690	0.001299
130	0.003674	0.006241	0.010251
131	0.002850	0.006668	0.001533
132	0.003205	0.006902	0.011815
133	0.003169	0.006031	0.001834
134	0.003535	0.006139	0.012103
135	0.003247	0.006824	0.002146
136	0.003307	0.007113	0.012777
137	0.003632	0.006818	0.002892
138	0.002964	0.006500	0.012085
139	0.003349	0.006469	0.003668
140	0.003151	0.005381	0.011358
141	0.002754	0.005886	0.005069
142	0.003433	0.005568	0.012272
143	0.002706	0.005525	0.005760
144	0.002664	0.005441	0.010113
145	0.002742	0.005273	0.008231
146	0.002964	0.004966	0.008772
147	0.003463	0.004924	0.010414
148	0.003181	0.005032	0.012903
149	0.002267	0.005189	0.006830
150	0.003259	0.004654	0.016997
151	0.002670	0.004545	0.004251
152	0.002880	0.004576	0.015332
153	0.002255	0.004215	0.005357
154	0.002964	0.004449	0.014123
155	0.002976	0.004870	0.006457
156	0.002736	0.004786	0.014165
157	0.002549	0.004359	0.006391
158	0.003313	0.003662	0.010774
159	0.002507	0.003565	0.008652
160	0.002730	0.003559	0.008015
161	0.002603	0.004022	0.013077
162	0.003181	0.004076	0.007798
163	0.002465	0.003830	0.009452
164	0.002844	0.002976	0.010257
165	0.002952	0.002946	0.007612
166	0.002567	0.002928	0.013197
167	0.002862	0.003397	0.007089
168	0.003108	0.003890	0.009223
169	0.002531	0.003704	0.011310
170	0.002597	0.003451	0.006620
171	0.002459	0.002874	0.010684
172	0.003072	0.002730	0.010768
173	0.002567	0.003163	0.008285
174	0.002219	0.002898	0.009981
175	0.002784	0.003427	0.013185
176	0.002772	0.002615	0.007311
177	0.002453	0.002357	0.012476
178	0.002970	0.002754	0.012656
179	0.002952	0.002591	0.009380
180	0.003662	0.002658	0.010420
181	0.002874	0.003337	0.013276
182	0.003535	0.002964	0.010372
183	0.003722	0.003505	0.014262
184	0.003770	0.002537	0.009584
185	0.003986	0.003187	0.012464
186	0.003535	0.003475	0.013450
187	0.003680	0.003445	0.009331
188	0.004371	0.003313	0.016498
189	0.003686	0.003090	0.011039
190	0.003187	0.002688	0.015969
191	0.003608	0.002621	0.009770
192	0.003938	0.003205	0.015109
193	0.003836	0.003319	0.009939
194	0.003806	0.003301	0.012638
195	0.003589	0.003764	0.011291
196	0.003349	0.003668	0.011135
197	0.003325	0.003157	0.011754
198	0.003451	0.003295	0.008135
199	0.002411	0.002531	0.009440
200	0.003541	0.002892	0.007305
201	0.003307	0.003211	0.009259
202	0.002513	0.002772	0.006734
203	0.002832	0.002549	0.006698
204	0.001978	0.002682	0.004497
205	0.002207	0.002664	0.006608
206	0.002237	0.002525	0.005327
207	0.002321	0.002201	0.005081
208	0.001263	0.002513	0.003559
209	0.001852	0.002381	0.004131
210	0.001239	0.001888	0.003289
211	0.001365	0.002032	0.002309
212	0.001413	0.002315	0.003499
213	0.000728	0.002537	0.001984
214	0.001203	0.002201	0.003102
215	0.001052	0.001936	0.001407
216	0.000643	0.002423	0.002477
217	0.001239	0.002080	0.002146
218	0.000589	0.001545	0.001515
219	0.000529	0.001690	0.001341
220	0.001040	0.001720	0.002615
221	0.000210	0.001209	0.001317
222	0.000607	0.001064	0.001972
223	0.000427	0.001395	0.001245
224	0.000259	0.000980	0.001714
225	0.000944	0.000830	0.002531
226	0.000343	0.000673	0.001912
227	0.000505	0.000697	0.001647
228	0.000295	0.000788	0.001563
229	0.000541	0.000210	0.001581
230	0.000150	0.000108	0.001810
231	0.000529	0.000108	0.000938
232	0.000210	0.000313	0.001184
233	0.000325	0.000734	0.000391
234	0.000667	0.000806	0.001894
235	0.000186	0.000746	0.000222
236	0.000210	0.000806	0.000571
237	0.000397	0.000655	0.000114
238	0.000000	0.000156	0.000589
239	0.000234	0.000072	0.000012
240	0.000012	0.000000	0.000481
241	0.000054	0.000000	0.000018
242	0.000048	0.000000	0.000144
243	0.000096	0.000000	0.000000
244	0.000012	0.000000	0.000241
245	0.000018	0.000000	0.000000
246	0.000042	0.000000	0.000204
247	0.000096	0.000000	0.000000
248	0.000042	0.000000	0.000096
249	0.000361	0.000000	0.000000
250	0.000000	0.000000	0.000373
251	0.000409	0.000048	0.000000
252	0.000259	0.000216	0.000271
253	0.000403	0.001221	0.000000
254	0.001124	0.001287	0.002591
255	0.001677	0.001671	0.000794
